00000 1 0001 0000 00 0000 0000 0000 0001   	R1=r0+1
01111 1 0001 0000 00 0000 1000 0000 0100	st r1 r0[0x804] (Clear TTY)
01111 1 0001 0000 00 0000 0100 0000 0100	st r1 r0[0x404] (Clear KBD)
00000 1 0001 0000 00 0000 0000 0000 0000   	R1=r0+0
01111 1 0001 0000 00 0000 1000 0000 0100	st r1 r0[0x804] (Clear TTY)
01111 1 0001 0000 00 0000 0100 0000 0100	st r1 r0[0x404] (Clear KBD)
10011 1 0000 0000 00 0000 0000 0011 0100   	call 52
00101 1 0000 0001 00 0000 0000 0000 1010   	cmp r1 10
10000 0 0000 0000 00 0000 0000 0000 1100   	beq 12
00101 1 0000 0000 00 0000 0000 0000 0000   	cmp r0 0
10000 0 0000 0000 00 1111 1111 1111 0000   	beq -16
11111 0 0000 0000 0000 0000 0000 0000 00   	halt

01110 1 0010 0000 00 0000 0100 0000 0000   	ld r2 r0[0x400]
00101 1 0000 0010 00 0000 0000 0000 0000   	cmp r2 0
10000 0 0000 0000 00 0000 0000 0001 0100   	beq 20
01110 1 0011 0000 00 0000 0100 0000 1000	ld r3 r0[0x408]
01111 1 0011 0000 00 0000 1000 0000 1000	st r3 r0[0x808]
01111 1 0011 0001 00 0000 0000 0000 0000	st r3 r1[0]
00000 1 0001 0001 00 0000 0000 0000 0001   	R1=r1+1
10100 0 0000 0000 0000 0000 0000 0000 00   	ret


04400001
7C400804
7C400404
04400000
7C400804
7C400404
9C000034
2C04000A
8000000C
2C000000
8000FFF0
F8000000
00000000
74800400
2C080000
80000014
74C00408
7CC00808
7CC40000
04440001
A0000000






















